inv_x       used invariants in inv_x
--------------------------------------
100         no dependency
110         no dependency
120         no dependency
130         10 11 12 14 15 16   
140         10 11 12 16
150         10 11 12 16
160         10 11 12
170         10 11 12 13 14 15 16 19 20 21 22 
180         10 11 12 13 14 15 16 17 19 20 21 22 23 24 25 26
190         10 11 12 14 15 16 20 21
200         10 11 12 14 15 16 21
210         10 11 12 14 15 16
220         10 11 12 13 14 15 16 19 20 21
230         10 11 12 13 14 15 16 17 19 20 21 22 26
240         10 11 12 14 15 16 21 25
250         10 11 12 14 15 16 21
260         no dependency